pywasp-examples-master/tutorial_3/data/maps/Oesterild_DTM_100m.grd
DSAA
 400 260
 470050.000000 509950.000000
 6310050.000000 6335950.000000
 -16.831600 64.301600
[rows 155 to 185 of 260, columns 142 to 212 of 400]
5.0596 4.6348 4.5888 4.2896 5.5148 6.0948 5.6092 5.134 4.6044 4.5248 4.4408 4.3584 4.4848 4.7416 4.5884 4.4668 4.9412 4.5856 8.8652 22.7164 26.6476 24.2852 20.9276 20.2936 21.3644 20.6772 17.6936 16.1444 17.2952 17.3052 9.6212 8.7604 8.5896 8.3524 8.4264 8.4252 8.312 8.1036 8.0732 8.1828 8.1176 8.16 8.148 8.0828 7.9604 7.8196 7.7092 7.5912 7.5912 7.582 7.5296 7.5672 7.5796 7.682 7.8732 7.9496 8.2204 8.3276 8.2896 8.392 8.5144 8.582 8.6384 8.7736 8.9764 9.1616 9.1624 9.418 9.9976 10.614 10.6744
5.008 4.4596 4.58 5.112 5.69 5.1684 4.7848 4.5948 5.2164 5.7344 5.4608 5.594 5.6224 5.3544 5.148 5.5356 4.6644 3.4796 3.3592 4.2268 13.8884 23.4884 22.4772 22.0552 23.6692 23.132 19.4948 15.5116 15.098 10.6372 8.5312 8.3608 8.1608 7.9092 7.9688 7.8096 7.6308 7.662 7.6352 7.522 7.4876 7.3712 7.1352 7.016 6.942 6.9912 7.0316 6.9976 6.9776 7.0584 7.1276 7.2292 7.3044 7.45 7.6708 8.1508 8.2868 8.0584 8.2316 8.2956 8.492 8.6168 8.6672 8.764 8.9892 9.2132 9.626 10.272 10.5076 10.368 10.3012
4.7984 4.804 5.6248 5.5648 5.3068 5.1668 5.2928 5.7224 5.8684 5.6664 5.1352 5.2984 4.9352 4.812 5.0456 4.368 3.7676 3.574 3.488 3.6688 4.186 9.1788 20.3232 22.7356 25.6644 24.1756 20.5196 15.9392 8.9056 7.754 7.8104 7.8744 7.6532 7.4256 7.2208 6.8792 6.6404 6.5896 6.6116 6.5872 6.5652 6.5596 6.514 6.4824 6.5008 6.5592 6.5136 6.466 6.4696 6.64 6.7912 6.9096 7.0256 7.2116 7.448 7.8528 8.0172 7.868 8.0848 8.2596 8.448 8.5668 8.7628 9.0588 9.5452 10.0532 10.148 10.2104 10.5004 10.2368 10.0544
6.3756 6.8072 6.3684 6.1972 5.9556 5.8512 5.8068 5.6676 5.5896 5.3892 5.4864 5.5012 4.97 4.568 3.9112 3.9744 4.0176 4.112 3.9964 4.2668 5.1856 6.36 10.0316 23.1804 25.2752 23.9584 18.9744 11.8684 7.712 7.2796 6.754 6.4372 6.4848 6.3072 6.1912 6.156 6.1404 6.1768 6.1884 6.1484 6.1056 6.12 6.114 6.068 6.0992 6.0932 5.9792 5.9884 6.062 6.198 6.3588 6.5756 6.846 7.0072 7.2948 7.5672 7.7472 7.6672 7.8724 8.1584 8.3484 8.8268 9.3156 9.92 9.9136 10.0452 10.2272 10.6424 9.6448 9.2744 9.2072
7.5488 7.1604 6.6896 6.486 5.8528 5.4728 5.4296 5.6016 5.264 5.3576 5.1124 4.5512 4.4744 4.4464 4.2364 4.2192 4.6412 5.8044 5.7328 6.3508 6.3164 6.4092 6.7716 14.546 21.604 14.2392 8.1368 7.1448 6.4044 5.6744 5.5432 5.6028 5.6764 5.6652 5.6976 5.7636 5.894 6.072 6.2212 6.3216 6.3472 6.3488 6.1668 5.9164 5.85 5.8592 5.8192 5.8096 5.8284 6.0544 6.2504 6.4764 6.9216 7.2084 7.4024 7.2744 7.3632 7.6084 7.7752 8.174 8.7936 8.8932 9.2752 9.7132 10.016 10.1248 10.422 9.2952 8.9976 9.1316 9.0128
7.3152 6.8244 6.4504 6.118 5.2884 4.9968 4.9632 5.1216 5.2964 5.1244 4.8604 4.8632 4.8368 4.43 4.4432 4.5844 4.4852 5.3296 6.196 6.1092 6.2412 6.536 6.6712 6.7456 7.0312 7.072 6.9572 5.8728 5.362 5.1416 5.0608 5.1048 5.232 5.32 5.6016 5.9284 5.978 6.0208 6.074 6.1236 6.1808 6.2092 6.0144 5.8544 5.9416 6.064 6.1996 6.1344 6.1996 6.338 6.2972 6.3716 6.5956 7.0048 7.05 6.9876 7.0768 7.4144 7.7316 8.0416 8.2604 9.1384 9.6472 10.4468 10.1552 9.732 9.1196 8.6568 8.7708 9.0724 9.1464
6.8172 6.8256 6.768 5.5288 5.5184 5.2964 5.3516 5.4428 5.2992 4.9916 5.0388 5.0932 5.368 4.7896 4.3212 4.3556 5.1072 5.3284 5.3252 5.2544 5.834 6.386 6.1996 6.1192 6.554 6.0388 5.3956 4.9676 4.762 4.5944 4.5508 4.72 5.0624 5.2724 5.2776 5.2104 5.2764 5.442 5.5628 5.6616 5.6992 5.5996 5.546 5.5512 5.5896 5.7492 5.7428 5.9768 6.2312 6.4012 6.6304 6.5424 6.5268 6.7016 6.8016 6.8616 7.1488 7.3732 7.7116 8.1312 8.4908 9.1648 9.7692 10.1576 9.6976 8.7916 8.9392 8.8624 8.8928 9.0756 9.326
7.1936 6.9416 6.7088 6.302 6.032 5.8956 5.8924 6.1164 5.9004 5.0488 5.092 5.0916 4.532 4.1132 4.8464 5.0604 4.3704 4.6136 4.6772 5.01 5.406 5.4948 5.6124 5.5392 5.3208 5.0108 4.6184 4.542 4.3812 4.486 4.5496 4.4556 4.4392 4.4384 4.4964 4.5544 4.6512 4.7924 4.7908 4.9664 5.0892 5.052 5.1584 5.1652 5.284 5.5 5.762 5.9304 6.15 6.3736 6.806 6.7544 6.8208 6.9484 6.9256 6.8868 7.2768 7.46 7.7924 8.0528 8.4852 8.8804 9.1224 9.8 9.8788 8.9584 8.512 8.576 8.6312 8.7488 8.9908
7.1164 6.714 6.3508 5.9432 5.7332 6.0252 6.1696 6.1752 5.9948 5.4384 5.4792 5.2496 4.8568 5.4336 4.7612 4.4228 4.5392 4.5444 4.6884 4.8884 5.0644 5.1532 5.208 5.1152 4.8232 4.6044 4.2984 4.438 4.2344 4.102 4.0492 3.9696 4.0556 4.0576 3.9984 4.1044 4.2476 4.3488 4.4896 4.5452 4.6772 4.7804 4.7816 4.9964 5.2248 5.5064 5.7936 6.0224 6.352 6.6456 6.8732 7.0756 7.2708 7.1504 7.2668 7.4452 7.7284 7.9916 8.292 8.4472 8.6484 8.7712 8.9692 9.2912 9.5656 9.0664 8.8208 8.8868 8.882 9.0092 9.0336
7.064 7.052 6.49 6.2224 6.1644 6.3304 5.958 5.7848 5.6372 5.6576 5.77 5.7736 5.1172 4.868 4.448 4.568 4.396 4.4836 4.784 4.922 5.0756 5.2448 5.0992 4.6636 4.3716 4.468 4.1896 3.9768 3.878 3.8812 4.0116 3.9236 3.9584 4.1972 4.0684 4.1024 3.9712 4.0332 4.362 4.4004 4.43 4.5548 4.674 4.8672 5.1904 5.7048 6.1208 6.4996 6.792 6.9736 7.2716 7.5148 7.764 8.1324 8.672 9.59 10.2304 9.3776 8.6988 9.3124 9.7604 11.1792 10.2576 9.756 9.842 10.6068 10.5624 10.0636 10.0872 9.754 9.2976
7.304 7.232 7.0892 6.4648 6.3764 5.668 5.7592 5.9648 5.7888 5.9156 5.5488 4.7976 4.5484 4.252 4.3004 4.4704 4.6292 4.5924 4.5352 4.5928 4.53 4.632 4.4024 4.4008 4.4312 4.498 4.462 4.1056 4.0764 4.0504 4.0216 3.8684 3.8036 3.794 3.7916 3.8432 3.8736 3.9616 4.3636 4.5288 4.522 4.7716 5.0072 5.5364 6.1004 6.75 6.896 6.9 7.0732 7.3912 7.9324 9.1772 9.2384 9.2228 9.3856 9.1116 9.8444 10.4964 10.6072 12.1576 11.7072 14.212 16.346 15.1584 14.68 11.2948 10.7572 10.466 10.7012 11.0244 10.8144
7.08 6.8568 6.6504 6.2568 6.1416 5.8464 5.7064 5.6284 5.6936 5.1084 4.6312 4.3788 4.136 4.234 4.6564 4.8092 4.2444 3.99 3.9324 3.9952 4.1264 4.3492 4.4188 4.4328 4.448 4.4952 4.6068 4.414 4.1856 4.1964 4.0564 3.9356 3.8984 3.844 4.0472 4.1208 4.1944 4.3296 4.6732 5.3264 5.684 5.9288 6.2924 6.632 6.8068 6.7688 6.8508 7.1112 8.0768 8.6588 8.6792 8.558 8.3 8.3296 9.6088 12.8228 10.5324 10.3992 10.9436 11.6776 11.2624 12.614 15.4416 18.0452 17.6452 16.8104 16.062 13.2232 12.7988 12.0184 11.4788
6.7112 6.692 6.5916 6.4636 5.9432 5.4964 5.3696 5.112 4.752 4.6744 4.3668 4.5268 4.886 4.8084 4.7004 4.2868 4.0012 4.5084 5.0072 5.8732 5.5352 4.8272 4.7496 4.9792 4.7496 4.8892 5.376 5.6296 4.9352 4.6008 4.9152 4.8712 4.7164 4.8704 5.1152 5.4708 5.642 5.5992 5.6468 5.8488 6.0088 6.2424 6.2952 6.3308 6.4556 6.6136 6.7984 7.0676 7.3516 7.6756 8.1656 8.3072 8.0904 8.8652 14.3788 19.6064 18.0424 11.0216 10.1264 11.5332 11.7816 13.3904 14.582 13.2512 12.8912 14.7292 15.8696 16.3696 13.4904 12.3432 13.5576
6.888 6.8604 6.4456 5.9288 5.5556 5.4372 4.8456 4.6444 4.5208 4.448 4.7336 4.8664 4.6564 4.5768 4.9372 5.2448 5.5428 5.726 5.8604 5.8844 5.9908 5.5796 5.6992 5.7948 5.5516 6.5396 6.4544 6.6568 5.6836 6.1972 6.5564 6.6776 5.8704 5.8444 5.9468 5.9704 6.1132 5.846 5.9552 6.0504 6.1556 6.2532 6.5804 6.592 6.5908 6.8632 6.9204 7.252 7.4616 7.6728 7.8456 7.934 8.1644 8.8672 11.3952 13.866 11.6928 9.2264 9.4328 9.8644 9.9132 9.7624 9.8 9.8988 11.8936 15.1984 18.5736 14.856 13.7944 12.6248 12.5132
6.7096 6.2448 6.322 5.7808 5.4556 4.8812 4.6028 4.5848 4.8904 5.032 5.014 5.0136 5.432 5.7412 5.884 5.2432 5.0216 4.796 4.424 4.4756 4.7092 4.7664 4.6216 5.0852 5.3388 5.7656 6.1984 6.7312 7.356 7.1872 6.6204 6.1284 5.7632 5.8656 5.862 5.9016 5.886 5.8768 6.0056 6.2648 6.4956 6.5232 6.5544 6.6 6.7712 6.97 7.2064 7.2604 7.4856 7.7768 7.7112 7.9752 8.5512 9.5776 10.0044 10.258 9.9816 10.2052 10.0312 9.6724 9.5424 9.734 9.83 12.0832 16.9268 16.5176 13.526 12.2708 11.7196 11.8972 11.8308
6.3452 6.592 5.8628 5.6508 4.9904 4.7912 4.8816 5.394 5.5512 5.4464 5.3088 5.7876 5.352 5.0324 4.7324 4.384 4.3764 4.3476 4.3864 4.4256 4.5292 4.8124 5.8464 6.3432 6.3556 6.878 6.4808 6.6024 7.0792 6.416 6.218 6.0316 5.7896 5.71 5.746 5.6756 5.8012 5.956 6.0448 6.1208 6.2996 6.3888 6.6124 6.6716 6.8112 6.9688 6.9912 7.0748 7.24 7.452 8.0252 8.982 9.9564 11.8512 13.566 10.4348 9.5724 9.442 9.5348 9.7232 9.8472 9.828 12.1532 17.7564 19.9276 14.3628 13.5936 12.3116 11.4752 11.1292 11.1404
6.1556 5.7564 5.2016 4.9732 4.8792 4.9228 4.898 5.3744 5.5576 5.738 5.512 4.8456 4.3284 4.2632 4.3124 4.5044 4.9448 5.3676 5.6872 5.8844 6.1228 6.2496 6.408 5.7804 5.5968 5.5816 5.7316 6.0352 6.3396 5.748 5.618 5.6356 5.656 5.66 5.6664 5.6496 5.7536 5.8596 6.03 6.1216 6.1772 6.3312 6.4568 6.342 6.7436 6.9 6.9208 7.0372 7.2168 7.4852 8.0768 8.1112 9.3392 11.3788 12.4556 9.2932 9.196 9.2464 9.3796 10.0724 13.2932 13.1724 11.814 12.3228 12.09 11.89 11.3648 11.1472 10.884 11.0012 11.0544
5.756 4.9628 4.8752 4.9948 4.9588 5.3364 5.7196 5.6568 4.9652 4.598 4.348 4.6772 4.7368 4.8864 5.1152 5.1292 5.1476 5.62 5.7908 5.7248 5.3532 5.284 5.392 5.5004 5.3628 5.2104 5.2644 5.4428 5.6124 5.5604 5.5516 5.6316 5.6908 5.7672 5.7436 5.738 5.8528 5.8668 6.0452 5.8324 6.0232 6.2508 6.422 6.4204 6.6932 6.9108 6.998 7.1204 7.2628 7.4252 7.8652 8.3068 9.1228 10.4328 8.9824 8.83 8.9808 9.1556 9.2316 12.3188 16.7504 15.4288 11.1492 10.25 10.4676 11.3248 10.8892 10.9956 10.9516 11.1608 11.3796
5.188 4.942 5.2084 5.1708 5.57 5.9236 5.4332 4.5332 4.514 4.9148 5.3872 5.3604 5.4796 6.0592 6.3492 6.8536 6.3172 5.9716 5.3536 5.4276 5.3164 5.1064 5.234 5.4304 5.4172 5.3388 5.2456 5.4216 5.3952 5.3524 5.4164 5.4648 5.5 5.6028 5.6176 5.7488 5.7312 5.776 5.8704 5.8816 6.0924 6.17 6.4324 6.4748 6.6544 6.9472 7.0808 7.3124 7.6924 7.7208 8.0032 8.1012 8.1784 8.1816 8.2 8.426 8.692 8.9704 9.1052 10.3868 13.2528 12.1244 10.6664 11.2284 12.7712 11.6364 11.6448 11.3256 10.9432 11.0684 11.0732
5.3628 5.3816 5.67 5.6548 5.5208 5.3052 4.9712 5.2592 5.6252 5.5984 5.8208 6.1672 6.1312 6.8136 6.3348 5.8148 5.4392 5.4344 5.3732 5.1156 5.0852 5.1492 5.19 5.2084 5.1848 5.252 5.262 5.3036 5.1024 5.236 5.3032 5.416 5.4416 5.604 5.5892 5.618 5.6504 5.7092 5.8252 5.86 5.9924 6.1092 6.2748 6.4908 6.61 6.7892 7.064 7.31 7.4044 7.4724 7.6636 7.8048 7.9872 8.1784 8.1568 8.3212 8.5336 8.8028 8.9596 9.1412 9.338 9.7172 9.9672 11.3092 13.2168 11.0472 10.4924 10.5484 10.6816 10.8308 11.2324
5.8844 5.838 5.6552 5.6272 5.5396 5.342 5.6416 5.7176 5.724 5.75 6.0168 5.9844 6.1012 5.9968 5.6624 5.5996 5.5104 5.3004 5.2996 5.1116 5.2468 5.4624 5.0212 5.0772 5.342 5.5428 5.5284 5.332 5.0944 5.0484 5.0776 5.334 5.4244 5.6348 5.5436 5.476 5.5136 5.6292 5.732 5.8632 5.972 6.1812 6.3396 6.4912 6.4552 6.5896 6.7508 7.024 7.1824 7.2736 7.4312 7.55 7.8856 8.1208 8.4612 8.7428 8.7468 8.8864 8.9 8.9584 9.1468 9.2368 9.4512 10.1836 10.3976 10.5664 10.3508 10.5364 10.818 11.1084 11.4612
6.0196 5.9416 5.774 5.7704 5.1904 5.3184 5.1828 5.7776 5.8272 5.862 5.858 5.734 5.566 5.402 4.9724 5.0972 5.0828 4.7152 4.5028 4.5112 4.5512 4.652 4.7092 4.982 5.4468 5.172 4.7636 4.6208 4.69 4.6688 4.8784 5.3912 5.4232 5.52 5.5504 5.4232 5.4604 5.5548 5.582 5.7412 5.8912 6.026 6.1836 6.3284 6.4612 6.6912 6.968 7.1736 7.1612 7.3828 7.4836 7.6956 7.8484 8.0192 8.2692 8.49 8.594 8.7384 8.7988 8.9632 9.1904 9.4532 9.5532 9.6812 10.1076 10.7204 11.3672 11.2284 11.4432 11.6604 12.1876
7.3156 6.5604 6.1812 5.2976 5.2224 5.4412 5.3828 5.2564 5.6652 5.4588 5.3436 5.3544 5.0984 4.8948 4.086 4.0864 4.1176 3.8944 3.8688 4.0088 4.3072 4.5948 4.5724 4.5428 4.7284 4.784 4.8616 5.0388 5.1616 4.9116 4.962 5.052 5.2872 5.3876 5.3912 5.304 5.3748 5.3968 5.3924 5.6188 5.7712 5.7236 5.9364 6.1304 6.4696 6.7896 6.8872 6.9888 7.1496 7.3776 7.3624 7.5808 7.7572 7.8788 8.024 8.2852 8.7396 9.0628 9.602 9.4744 10.2132 9.7316 10.0012 10.3592 10.5792 10.5448 10.4028 10.7588 11.2996 11.3628 11.3208
7.2476 7.202 7.3232 6.3604 4.9872 5.4964 5.2072 4.9672 5.4716 5.418 5.2868 5.0072 4.8068 4.694 4.4456 3.8768 3.912 4.5516 4.8616 5.024 4.6636 4.548 4.6052 4.7412 4.844 4.7476 4.85 4.9292 4.7924 4.7996 4.8852 4.9744 5.1044 5.1768 5.192 5.2308 5.2224 5.318 5.3656 5.548 5.7196 5.8072 6.1284 6.6556 6.86 7.2652 7.4688 7.39 7.6676 7.6 7.7788 8.102 8.2256 8.416 8.4132 8.6868 8.716 9.136 9.2512 9.3084 9.2016 9.108 9.1736 9.4088 9.7088 9.8936 9.9916 10.244 10.4352 10.4892 10.638
6.2288 6.11 6.1544 6.2296 5.5696 5.4384 5.0656 5.1176 4.5084 4.9292 5.2656 4.7424 4.588 4.5448 4.5428 3.992 3.9372 4.3864 4.3016 4.3268 4.5292 4.4984 4.56 4.7264 4.784 4.8212 6.3172 7.2004 5.7004 5.2236 5.0228 4.8244 4.876 4.9808 5.0688 5.1168 5.3112 6.0172 5.9032 5.7428 6.2824 6.7948 6.6896 7.2072 6.9436 7.2732 7.2192 7.3388 7.476 7.5252 7.5436 7.6256 7.8012 7.8644 7.9784 8.0544 8.0944 8.3624 8.5988 8.638 8.8272 8.8656 8.9968 9.1796 9.46 9.6236 9.6972 9.8644 10.086 10.2048 10.4192
5.6368 8.2208 7.378 6.2312 5.478 5.0272 5.1528 4.538 4.596 4.4204 6.1936 5.302 5.1868 4.9604 4.7944 4.428 4.216 4.2092 4.4052 4.8288 4.6836 4.594 4.4812 4.832 5.1708 4.994 4.8336 5.4972 5.4824 5.468 5.1328 5.2344 5.5024 5.502 5.5636 5.818 6.4228 6.3596 6.0708 5.9852 6.0228 6.2064 6.128 6.1764 6.3076 6.5556 6.8092 6.9724 7.1624 7.1612 7.1816 7.2324 7.3252 7.48 7.5612 7.684 7.7952 8.0368 8.2956 8.4996 8.6 8.7228 8.8168 9.0324 9.2616 9.426 9.5584 9.7536 9.8968 10.1188 10.3928
5.5216 7.542 7.5028 7.0012 6.3768 6.1996 5.4944 5.106 4.44 4.446 5.1292 6.3092 5.844 5.262 5.0424 4.8008 4.0468 4.4364 4.3372 4.1908 4.3004 5.1004 4.516 5.0292 5.0916 4.5272 5.348 5.9776 5.6048 5.2444 5.094 4.1692 4.112 5 5.1956 5.0976 5.1284 5.3516 5.4088 5.3244 5.4244 5.6808 5.7768 5.8832 6.2852 6.3396 6.4632 6.4972 6.6484 6.7652 6.824 6.8176 7.0636 7.3824 7.7384 7.4976 7.6456 8.0576 8.5704 9.0612 9.3124 9.1848 9.234 9.7272 10.3052 10.4996 10.29 10.1036 10.1588 10.6796 10.9776
5.2568 5.13 4.9492 4.9108 4.7472 5.234 6.914 5.5992 4.5924 4.4336 4.1412 6.652 7.0324 6.5128 6.2248 5.5344 4.6996 3.8988 3.9544 4.172 4.6392 6.0944 6.6604 5.5948 4.6948 4.6184 4.696 5.2868 4.7052 4.7988 4.4504 3.3844 4.4428 4.7616 5.1 5.2152 5.2964 5.1072 4.9184 5.0256 5.1848 5.4036 5.5228 5.8276 6.2532 6.674 6.84 6.8844 6.9636 6.6156 6.572 6.818 7.058 7.3 7.638 7.7844 8.4512 8.5528 8.6844 9.4152 9.954 10.1828 10.4328 11.0408 10.9712 10.386 10.1116 10.3812 10.9572 10.4604 10.3352
4.6592 3.9976 3.0896 2.5396 1.8808 1.68 1.7644 1.7368 1.682 2.2072 2.5208 3.34 3.9876 5.2188 7.914 6.53 5.0876 4.1516 4.1304 4.1896 4.5688 4.3132 5.0704 4.9508 4.8076 4.6008 4.8612 4.712 4.522 4.564 4.2004 5.35 4.6212 4.6572 4.9024 4.9952 5.2276 4.864 4.7268 4.8068 5.2948 6.0992 6.3 7.204 6.792 7.238 7.3516 6.9164 7.3916 6.734 7.0748 7.316 7.7448 7.832 7.9552 8.3064 8.3644 8.5068 8.6728 8.734 9.5668 9.7096 9.6304 9.39 9.1376 9.302 9.8692 9.5024 9.2296 9.296 9.4496
0.5496 0.0528 -0.222 -0.4404 -0.5344 -0.5716 -0.5948 -0.5888 -0.5832 -0.5932 -0.5344 -0.3248 0.0352 0.6908 2.512 3.7568 4.1892 4.7108 5.41 4.7036 5.1716 5.3172 4.8368 4.7092 4.556 6.1468 5.9704 4.2288 3.7268 4.1308 4.2328 5.5216 5.51 4.9084 5.1732 5.31 7.9652 6.2756 6.0284 5.3496 5.1264 5.238 6.2728 6.4876 6.8372 6.1512 6.2364 6.404 6.6444 7.448 6.9772 6.812 6.93 7.9072 9.5956 9.574 8.1848 8.2848 8.5776 8.5356 8.7888 8.3616 8.3152 8.2 8.2348 8.4076 8.7024 8.8944 9.032 9.146 9.272
-0.5912 -0.6028 -0.6008 -0.6112 -0.6104 -0.5812 -0.6096 -0.6104 -0.6024 -0.606 -0.6156 -0.6124 -0.6008 -0.608 -0.5904 -0.492 -0.1324 0.4908 1.6516 2.6192 3.558 3.9572 4.4256 3.2284 2.8724 3.574 4.04 3.8552 3.2404 3.278 3.7512 4.6224 6.18 6.706 6.2564 6.4204 6.6 3.5656 3.8128 3.71 4.3156 5.6424 6.768 6.0076 5.2932 5.6852 6.0208 6.3168 6.4504 6.7508 7.6868 7.574 7.3164 7.5992 8.6628 8.516 7.6876 7.588 7.7712 7.8196 7.714 7.7336 7.7792 7.8692 7.998 8.1412 8.314 8.5944 8.8816 9.098 9.2696
