pywasp-examples-master/tutorial_3/data/maps/Oesterild_DTM_100m.grd
DSAA
 400 260
 470050.000000 509950.000000
 6310050.000000 6335950.000000
 -16.831600 64.301600
[rows 62 to 92 of 260, columns 142 to 212 of 400]
6.1236 4.6872 6.5748 9.5936 13.4032 16.5076 18.7652 20.0608 19.8144 19.814 20.5948 20.946 18.6592 17.6688 18.22 17.8032 17.8696 18.2696 18.9392 17.2228 14.7376 11.1104 7.8968 5.0592 2.5464 1.0872 0.6148 0.5156 0.5124 0.478 0.7056 1.2648 6.3116 17.4684 23.152 24.1544 20.8032 16.906 20.0272 21.1064 25.1716 29.3152 33.1484 34.302 36.048 36.7244 35.7408 31.4512 23.7588 17.4728 11.4728 3.0904 -0.196 -0.3696 -0.3672 -0.3692 -0.368 -0.3664 -0.3764 -0.3828 -0.3868 -0.3868 -0.3788 -0.3772 -0.3716 -0.3708 -0.3656 -0.37 -0.3836 -0.2472 -0.0876
7.5904 5.0864 4.1896 6.3712 11.0872 14.8944 17.5832 19.1192 19.31 19.0264 19.4812 19.032 17.888 16.042 15.8056 15.3464 16.2452 17.0796 16.2612 14.8688 12.174 9.532 6.8012 2.1704 1.3172 0.9404 1.5656 1.552 0.6252 0.6496 0.772 0.6808 1.4632 10.592 19.7624 22.7128 20.7664 11.4324 18.2204 22.2076 25.968 31.2488 35.3816 36.3384 38.1232 40.5332 36.6584 27.0556 19.5484 11.8328 4.6944 0.9764 -0.3116 -0.3584 -0.3548 -0.3452 -0.344 -0.3568 -0.3628 -0.3716 -0.344 -0.3576 -0.3668 -0.3608 -0.3496 -0.3488 -0.3464 -0.356 -0.3668 0.096 0.2688
9.8428 6.7764 4.3856 4.1364 7.8476 12.018 15.566 17.9332 18.5932 18.1084 18.5492 17.7964 15.4308 13.1644 12.1972 11.848 12.1504 13.1864 13.2352 12.164 9.4888 6.1424 3.6256 1.4592 2.3448 2.24 6.07 6.744 3.5432 3.4948 1.67 0.7368 0.792 5.1076 16.566 20.3316 17.3636 8.4792 19.362 22.7792 25.3848 30.1084 33.9528 35.7144 36.6384 37.4916 30.5144 19.1244 9.2056 3.8348 2.582 0.7892 -0.2648 -0.3784 -0.3712 -0.364 -0.3588 -0.3784 -0.3792 -0.376 -0.2016 -0.3328 -0.3824 -0.3908 -0.3824 -0.372 -0.3744 -0.382 -0.3844 0.3648 0.42
12.264 8.144 4.9496 3.8248 5.8256 10.3292 14.326 16.4652 17.496 16.828 17.5736 16.3792 13.6048 13.1892 11.1308 9.4984 9.8568 9.1804 9.2168 8.6832 6.7168 3.3 1.9272 1.846 7.5564 9.6392 9.0668 9.3584 8.5688 8.1896 2.9228 0.98 0.6608 1.99 11.8052 14.8688 9.7308 9.5964 18.4564 21.0024 23.5516 25.6044 26.6984 27.8356 25.8992 21.0152 12.3356 2.4324 1.1032 2.2192 3.0068 0.7688 0.066 -0.3092 -0.3808 -0.386 -0.3868 -0.3872 -0.3576 0.252 0.5044 0.3524 -0.2048 -0.3956 -0.3952 -0.3996 -0.398 -0.4028 -0.378 0.4324 0.372
13.3516 10.7384 7.6408 4.3172 3.9176 8.37 12.5632 14.2656 15.1256 14.4928 14.8528 13.8648 13.2192 13.4916 13.0796 11.8136 10.8048 8.7432 6.6528 5.3356 3.5148 1.6948 1.392 2.2952 9.8896 14.0084 13.9152 12.7292 11.0508 8.1388 4.4668 3.5816 0.7764 0.7636 2.7716 4.9156 3.5088 6.678 11.7372 12.5116 9.906 5.2044 2.3448 1.5076 1.2824 0.992 0.8448 0.852 0.6404 1.2548 1.7252 0.3184 -0.0968 0.1152 -0.052 -0.0688 0.4816 0.0096 -0.3832 0.5384 0.8788 0.746 0.028 -0.402 -0.406 -0.4088 -0.4096 -0.4144 -0.412 -0.0608 0.3712
13.7776 12.1764 11.1264 6.7096 3.6608 4.7264 11.738 11.6568 11.7472 11.6648 11.7656 11.7852 13.1816 14.8972 13.0404 11.3448 10.3492 8.0072 6.5744 6.9552 5.2392 1.8808 1.398 4.0576 12.832 18.2976 17.7564 15.7216 13.2296 8.2912 9.1552 12.5128 4.45 0.914 0.83 1.192 2.3116 3.9284 3.4588 2.2388 1.3404 0.5304 0.4176 0.3696 0.3756 0.2556 -0.0052 0.1128 -0.1304 -0.2844 -0.1456 -0.202 -0.2328 -0.3668 -0.2956 1.2436 2.8752 2.1428 1.2572 1.9696 2.3084 2.3456 0.5684 -0.3896 -0.41 -0.4148 -0.4184 -0.42 -0.4208 -0.1876 0.4304
13.9492 10.946 9.8196 7.5136 7.0748 3.9356 7.136 10.15 9.3708 10.8092 11.3736 11.7504 13.112 14.2064 12.4288 10.0752 9.18 7.8912 7.116 6.282 4.4728 2.0516 1.6004 3.7028 13.1788 18.5744 21.2464 19.2012 15.8884 11.7568 11.0228 15.4188 16.5824 7.7332 2.078 1.6128 2.0824 2.2676 0.844 0.3704 0.2608 0.1444 0.1216 0.0184 -0.3 -0.3356 -0.1032 0.1592 -0.2468 -0.3464 -0.3436 -0.3468 -0.3488 -0.3056 -0.1228 1.4952 1.53 0.8348 0.1544 1.6452 4.1384 4.3656 1.8104 0.2712 -0.1124 -0.3952 -0.4168 -0.418 -0.1996 0.1784 0.422
14.2096 11.3656 10.178 10.804 10.9704 6.0204 3.3636 5.4516 7.28 8.0064 8.7 9.6924 10.8872 11.7436 9.9888 7.5848 6.5836 5.6452 3.5632 2.1148 1.5472 1.3392 1.3924 3.7544 11.606 17.3464 20.9576 21.596 18.65 15.2204 13.1156 16.0228 20.6356 15.9916 9.4056 4.4372 2.8476 1.2372 0.182 0.1968 0.2496 0.1124 -0.3124 -0.3128 -0.3144 -0.324 -0.2936 -0.2032 -0.3476 -0.3512 -0.3548 -0.3568 -0.1264 0.1208 2.436 5.4368 2.0388 0.3504 0.084 1.56 2.3936 1.3488 1.354 0.3276 0.1856 0.302 0.25 0.154 0.79 0.5672 0.538
16.6908 15.0936 13.9108 13.65 11.8908 5.6636 3.2532 3.1876 5.474 5.3504 5.9732 6.6768 7.368 8.4032 7.4484 5.008 2.9232 2.11 1.7592 1.808 2.33 3.3308 3.032 6.0332 12.4548 16.268 18.5 21.0912 20.0416 17.5184 14.9288 16.0072 20.5852 20.2216 13.458 7.6196 1.974 0.2992 0.1824 0.1796 0.1064 -0.1816 -0.3392 -0.3576 -0.3632 -0.362 -0.3724 -0.372 -0.374 -0.3628 -0.3388 -0.2808 -0.0052 1.1324 9.5952 9.1112 4.1092 0.9876 0.0524 1.2024 5.176 6.512 3.148 0.4168 0.0668 0.0448 0.058 0.0788 0.22 0.3024 0.3988
19.268 18.2336 16.7284 15.1348 11.1564 5.6488 2.992 3.0104 3.6708 3.4908 3.2552 2.882 2.7192 4.2596 5.442 3.4184 1.9704 2.1792 4.4476 5.7148 8.3256 14.1348 10.3544 8.3928 12.952 15.5528 16.3152 19.4492 20.5464 19.064 16.418 16.1544 18.128 18.4976 13.356 2.8996 0.5648 0.2188 0.1788 -0.012 -0.28 -0.334 -0.35 -0.36 -0.3672 -0.3664 -0.3696 -0.364 -0.3616 -0.3612 -0.3608 -0.3572 0.2336 7.6272 14.202 11.8468 6.7304 2.3296 0.1524 0.9008 5.6508 7.9948 5.6232 1.1528 0.0516 0.0576 0.0824 0.1 0.1544 0.2492 0.346
19.2088 18.3596 16.9748 14.2704 9.2752 4.8756 2.8404 2.7432 3.1432 2.8384 2.6568 2.5144 2.3512 2.3604 2.4312 2.424 2.2784 7.1768 11.4188 8.942 11.5704 19.1744 17.714 13.4704 13.7716 16.4012 14.8208 16.236 18.8516 18.7852 17.1004 15.7444 15.956 14.4264 8.9616 1.482 0.3216 0.1492 -0.0724 -0.2464 -0.3016 -0.3356 -0.3488 -0.3596 -0.3632 -0.36 -0.3576 -0.3596 -0.3568 -0.3552 -0.3552 -0.0332 4.7896 15.38 16.672 14.03 9.2676 3.9372 0.7528 0.4172 3.9068 7.7852 6.7252 3.5748 0.444 0.0988 0.1 0.088 0.152 0.2068 0.3756
16.7744 17.3216 17.1124 12.9112 7.0272 3.1712 2.7232 2.6476 2.6296 2.73 3.602 3.4604 2.5884 2.4116 2.4096 2.4832 4.3452 11.1468 13.6956 9.4768 17.3344 24.1988 22.3292 18.0792 16.0376 18.2196 15.306 12.8728 15.4692 15.6876 15.886 15.592 15.0752 12.0992 5.364 0.4196 0.2784 0.332 0.008 -0.2472 -0.3104 -0.3276 -0.3424 -0.3488 -0.35 -0.3416 -0.3436 -0.3464 -0.3444 -0.3432 -0.1488 1.5584 12.5212 16.7572 17.3728 15.546 11.1696 5.4336 1.646 0.1804 2.3884 6.9072 7.4896 3.052 0.5624 0.1232 0.0208 0 0.142 0.1972 0.3728
13.9028 16.7656 14.0256 8.8264 4.4336 2.9668 4.9168 3.4368 3.9824 6.7004 8.8904 8.6508 6.3548 5.2688 6.7816 6.676 6.0164 9.1104 10.2332 7.8852 19.746 26.4624 24.1636 19.1244 19.4396 21.3476 18.242 12.6912 11.5608 11.8496 12.358 13.224 10.9316 6.1712 2.8208 0.3388 0.332 0.26 0.2732 -0.2632 -0.2984 -0.2948 -0.3304 -0.3396 -0.3288 -0.3228 -0.334 -0.3336 -0.2688 -0.1428 0.4452 6.35 14.2292 16.7644 17.092 15.6288 12.276 7.344 3.1476 0.8776 1.6568 5.0296 6.5872 1.8204 0.4984 0.02 0.02 0.02 0.132 0.168 0.314
12.2204 10.7976 7.3556 3.22 2.6328 3.8424 8.1668 6.2972 7.3424 10.428 12.2136 12.1948 10.6332 9.4728 9.8236 9.1752 7.1336 5.9664 4.6632 7.8472 18.6924 23.428 20.2224 16.4124 20.2496 24.6748 21.6508 15.0536 11.1308 9.4208 8.8416 7.804 4.776 2.122 2.3464 0.244 0.254 0.2492 0.4472 -0.174 -0.304 -0.328 -0.3516 -0.3424 -0.3288 -0.3204 -0.3396 -0.304 -0.1348 0.1216 2.2352 11.6692 14.7844 16.6804 16.8312 15.5316 13.1164 9.1348 4.8396 2.2984 1.394 2.9692 2.6096 1.0036 0.2052 0.0368 0.02 0.02 0.122 0.1616 0.3
14.2676 7.472 3.454 2.5516 2.5236 4.106 9.4752 9.0336 9.3328 13.2424 14.7064 14.7384 13.2996 12.332 11.6056 10.816 8.8692 7.2092 4.4512 6.4232 17.1508 17.2776 15.9312 15.3824 19.9296 25.4052 23.4716 17.1772 13.2128 12.8004 13.98 13.9256 9.792 4.542 1.8888 0.1836 0.09 0.1104 0.3716 -0.0872 -0.346 -0.3456 -0.346 -0.3416 -0.338 -0.3388 -0.3464 -0.258 0.006 0.61 5.2424 11.1428 15.0864 16.6444 16.3704 15.3608 13.4828 10.0344 6.7856 3.7976 1.36 1.0984 1.1476 0.6772 0.0632 0.0416 0.0432 0.0256 0.112 0.1284 0.18
11.7296 6.4548 3.098 2.63 2.5768 4.766 10.5688 12.126 12.0092 14.6764 16.464 16.7244 15.5248 15.216 14.6104 13.36 11.2696 9.3992 7.032 4.536 10.7504 12.176 12.2396 14.1156 17.23 20.0644 21.7748 18.2776 15.3 15.4856 16.1888 15.094 7.4364 2.2084 0.334 0.0696 0.132 0.1856 0.4516 0.1568 -0.3584 -0.3544 -0.3572 -0.3556 -0.3528 -0.3536 -0.3308 0.088 0.4552 2.2688 6.9992 11.8672 14.7428 16.042 15.8936 15.1408 13.4124 10.9932 9.0404 6.566 2.0336 0.8156 1 0.5732 0.028 0.028 0.028 0.0292 0.102 0.092 0.0396
10.3868 5.818 2.9196 3.0056 3.9784 7.892 12.1436 14.8476 15.838 15.256 17.8 18.43 18.1616 17.918 17.4084 15.5004 13.07 10.76 7.5804 4.3868 5.7516 7.872 7.7584 10.5104 12.3116 13.8576 19.4668 18.5184 15.9356 16.9528 17.4428 12.7388 1.4448 0.6952 0.38 0.174 0.0848 0.0512 0.1228 0.1728 -0.3428 -0.3632 -0.3684 -0.3672 -0.3636 -0.3632 0.0184 0.3308 1.7272 7.9796 13.914 17.0336 16.582 15.6256 14.7748 14.4316 13.8092 12.124 10.6824 7.2492 2.8104 0.9796 0.5388 0.2764 0.0692 0.074 0.074 0.074 0.092 0.0648 -0.0136
9.3088 5.3712 3.5584 5.9412 7.4064 10.2272 13.9908 18.3352 19.1612 16.522 17.9644 19.4628 19.6192 19.5128 19.32 16.7904 14.4084 11.354 11.0636 8.2132 3.7176 2.3836 1.8452 3.4828 6.1448 8.064 13.5748 15.3828 16.6296 18.1136 15.5972 2.896 0.8272 0.146 0.1768 0.2812 0.158 0.11 0.2548 0.3328 0.148 -0.3508 -0.3716 -0.372 -0.3736 -0.1988 0.2228 1.008 4.3016 14.9684 20.964 23.0008 22.5808 21.334 18.912 17.6832 16.9736 15.5952 13.2316 10.0996 6.1244 1.0912 0.1452 0.0596 0.0348 0.0652 0.07 0.07 0.072 0.0444 0.0292
7.9196 4.0084 5.3984 9.1752 10.1896 12.7436 16.8128 22.8632 23.7504 20.222 17.892 19.1708 20.3952 21.3916 20.256 17.4608 14.8544 14.5012 16.944 15.9828 10.254 2.2132 0.4324 0.1396 0.6344 1.964 6.9332 12.0232 16.1548 16.4024 3.7992 1.0828 0.2892 0.056 0.056 0.056 0.056 0.056 0.464 0.464 0.4412 -0.194 -0.2752 -0.312 -0.2012 0.4036 0.508 1.5372 9.498 19.9436 25.1084 26.4528 25.6396 24.2468 22.0164 20.8732 19.6004 18.2108 15.8924 12.9544 9.8744 2.806 0.5608 0.228 0.0752 0.0588 0.078 0.106 0.0964 0.0488 0.0568
6.1312 4.3376 6.2752 10.3268 12.286 14.9456 18.7084 25.8136 28.2828 23.9672 19.5188 19.0896 20.9632 22.0944 20.604 17.774 16.3028 18.7272 22.242 23.4276 16.3172 6.7768 1.47 0.0884 0.0264 0.1356 2.6776 8.7904 11.7876 4.992 1.3376 0.6408 0.0452 0.094 0.094 0.094 0.094 0.094 0.446 0.446 0.466 0.248 0.0996 0.0548 0.4088 0.408 0.7176 2.486 13.9632 23.0824 27.522 28.3232 28.0228 26.688 24.9416 23.2868 21.6424 20.3536 17.6264 13.8096 11.6112 6.7656 2.2072 0.8396 0.1312 0.058 0.078 0.106 0.0968 0.08 0.036
5.096 4.9808 8.1456 12.2192 13.1496 15.192 18.64 23.9184 27.0124 26.1004 21.4276 18.8688 20.7016 22.414 21.768 19.4432 19.1268 22.3952 26.6024 28.1984 21.89 14.2496 5.5052 0.3684 0.0836 0.1428 1.188 5.844 6.4 1.5928 0.806 0.104 0.0364 0.132 0.132 0.132 0.0988 0.0528 0.43 0.43 0.4328 0.4436 0.4252 0.202 0.0704 0.1904 0.7564 3.9608 17.2372 23.8684 28.4624 29.5928 29.1976 27.8884 26.0112 24.5432 23.18 21.4308 18.1264 16.0812 14.6744 11.0696 6.9732 1.4672 0.6192 0.1316 0.1044 0.1332 0.244 0.084 0.014
5.0652 5.316 8.2788 11.3668 12.6328 14.832 18.1456 22.6688 27.52 27.8556 23.4868 19.3412 20.0704 22.9816 23.7508 22.802 22.8592 25.6988 29.2572 31.4576 27.7956 17.7608 7.0232 1.396 0.4916 0.25 0.6996 4.6532 3.4832 1.07 0.2352 0.0604 0.0492 0.172 0.172 0.0896 0.04 0.04 0.412 0.412 0.388 0.312 0.1988 0.08 0.018 0.056 0.424 3.8912 21.4672 23.782 28.4612 29.9144 29.882 28.5092 26.1908 24.7936 23.6252 21.4696 18.9912 19.286 17.0976 13.274 9.13 3.7808 0.9748 0.5324 0.21 0.1412 0.4084 0.038 -0.0264
5.5548 6.4176 7.816 9.5484 11.704 14.7568 18.3332 22.6544 27.4472 29.3112 25.8436 20.6608 21.2036 24.6508 26.6644 27.3876 27.79 29.2504 24.9436 32.5284 29.8808 19.0708 8.5992 4.3308 1.8136 0.3424 0.74 4.0248 2.266 0.6996 0.0972 0.0532 0.058 0.21 0.112 0.04 0.04 0.04 0.394 0.394 0.3476 0.2244 0.1168 0.1752 0.06 0.0764 0.2668 1.7552 23.9752 25.7832 27.6544 30.1332 30.2312 28.406 26.2424 24.7816 24.3704 23.6568 21.8212 21.2032 18.3632 14.6892 10.7596 6.3748 1.3848 0.9444 0.8136 0.4772 0.5272 -0.0212 -0.0928
6.4648 7.0808 8.766 11.12 13.7892 14.6168 17.2024 21.216 25.9932 28.5664 26.4768 21.6336 23.2 26.5516 28.9584 28.242 27.6792 28.6216 26.3152 25.6896 28.3532 19.9264 12.6556 7.6936 3.8372 2.5792 1.8572 2.8532 1.3152 0.4324 0.1788 0.0528 0.0648 0.158 0.06 0.04 0.04 0.04 0.376 0.376 0.3468 0.2472 0.0644 0.084 0.1252 0.1624 0.4888 0.9728 18.676 27.622 28.3616 30.3524 30.04 27.3708 25.4092 24.2176 24.772 24.7688 23.4268 23.4476 19.5916 15.7176 11.7244 7.644 2.99 1.0224 0.8168 0.4932 0.6744 -0.126 -0.1304
8.4728 8.2608 9.3808 12.1656 15.7356 17.5704 16.6168 17.7448 21.478 24.6544 23.7032 21.9396 24.3916 27.862 31.384 28.6992 26.2192 24.518 26.4768 28.74 28.1848 23.7768 16.778 13.102 11.4748 11.5968 6.2744 2.8508 0.596 0.764 0.4676 0.152 0.0768 0.1104 0.058 0.046 0.0316 0.0184 0.2116 0.3216 0.304 0.082 0.0872 0.1388 0.2724 0.32 0.7012 1.0008 12.3944 27.9024 28.6284 29.4224 29.19 26.4336 24.292 23.1656 23.0356 23.8116 23.9272 23.4508 19.3208 15.0904 11.2484 7.9144 5.1716 2.6844 1.8548 1.0804 0.5168 0.016 -0.1336
10.1856 9.6724 10.5688 13.2464 16.832 19.8876 19.1952 17.5672 17.7776 19.2712 21.5688 22.7848 25.8956 29.0744 29.4584 33.9936 29.9084 30.3616 26.5668 34.3616 30.6344 28.4516 25.5432 23.986 18.754 15.3152 12.9948 3.5076 0.3376 0.3092 0.7512 0.1888 0.1952 0.1524 0.058 0.0292 0.01 0.01 0.0864 0.1992 0.1772 0.1936 0.1292 0.168 0.234 0.6312 0.842 1.1592 6.3552 26.9744 28.2756 28.9928 28.7356 27.094 24.7908 22.3552 21.008 21.9348 23.8936 24.1532 19.4144 14.4408 10.516 8.086 6.1756 5.0004 4.732 2.0936 0.5656 0.1388 -0.1928
11.1608 10.6312 11.9232 14.4696 18.3812 21.4584 21.8516 20.6104 19.3408 19.4064 22.4808 23.8328 27.0976 29.8624 31.2176 34.6908 41.5056 41.9764 38.9604 35.07 33.4804 32.2744 22.8888 21.4384 22.8136 15.5588 11.0172 1.1064 0.286 0.0932 0.3612 0.3588 0.2888 0.072 0.0512 0.016 0.028 0.182 0.1396 0.234 0.1456 0.1136 0.1152 0.0996 0.5728 0.8736 0.982 1.0804 3.2256 23.8192 26.3956 27.8588 27.4592 25.778 23.6508 20.87 18.9724 19.9064 22.8228 22.972 18.6336 13.9 10.3048 8.0996 6.7692 5.6804 5.754 2.9488 0.4636 0.204 -0.1816
7.2088 8.434 10.834 13.7452 18.8016 21.0816 23.266 23.5552 22.9728 23.2572 24.1336 25.788 27.9756 29.7976 29.8024 26.1764 36.0068 44.0916 40.8776 35.0048 34.31 20.268 19.1092 24.278 22.3272 15.4172 3.3152 0.4668 0.3856 0.1276 0.202 0.4812 0.416 0.1044 0.07 0.2128 0.314 0.35 0.2112 0.1868 0.1888 0.0556 0.0856 0.4424 0.8496 0.9408 1.0504 1.1752 2.8372 21.0356 24.6556 27.2392 27.248 24.8728 21.6248 19.6036 18.192 18.282 21.4624 21.5628 17.8488 14.1372 10.6724 8.3872 6.9344 5.4204 4.2692 1.4804 0.3452 0.2152 -0.0924
1.9372 2.5868 7.0048 11.568 15.9456 15.5416 21.0444 23.6732 25.5928 27.0316 25.8796 27.422 28.7008 29.0852 30.6276 29.6188 34.2292 37.724 36.6092 32.1388 31.4332 20.0676 19.5996 23.6224 19.9076 7.326 1.1188 0.1884 0.4664 0.1992 0.3888 0.1404 0.4976 0.6328 0.3852 0.1716 0.1568 0.2232 0.2188 0.2044 0.166 0.106 0.3196 0.8696 0.974 1.0128 1.0484 1.3492 4.0564 21.8144 24.484 26.216 26.5568 24.2188 20.1632 18.518 17.8016 17.1916 19.456 19.7408 17.2728 14.7476 11.006 8.6192 7.8792 6.1096 2.846 0.7344 0.312 0.0472 -0.188
1.8436 1.814 2.8212 8.9264 11.0284 9.8372 15.1252 18.4016 21.7104 25.4584 24.894 23.7932 25.9504 25.0396 26.4728 27.392 25.9396 27.6376 26.3104 25.8764 25.0312 23.9848 20.2492 16.7104 11.6684 1.9976 0.708 0.5268 0.588 0.6204 0.2456 0.3328 0.2524 0.2024 0.4308 0.876 0.3004 0.1028 0.1864 0.1848 0.2688 0.4728 0.8312 0.9768 1.068 1.1204 1.1068 1.344 7.1288 22.672 25.4968 26.4604 26.4736 24.1808 20.0596 17.9604 17.7816 16.68 17.4424 18.158 16.0908 14.5608 11.316 8.9004 7.7796 5.5352 2.052 0.6632 0.2176 -0.1348 -0.1912
1.7516 1.5268 1.7032 3.01 4.828 4.3668 6.2804 8.018 9.674 12.7288 17.6096 20.7668 23.6796 22.3596 21.1468 21.8604 22.19 22.02 18.754 17.4876 19.3024 21.8396 15.3652 6.5808 1.7304 0.8684 0.364 0.2864 0.636 1.384 0.7164 0.2532 0.034 0.0956 0.1228 0.1528 0.5224 0.3148 0.2904 0.1708 0.6028 0.736 0.9268 1.0308 1.0872 1.144 1.3144 1.4744 12.2584 24.1288 26.984 27.3952 26.1436 24.206 20.2932 17.9384 18.1484 17.456 15.9652 16.8492 14.2324 11.5576 10.122 8.442 7.8868 6.9028 1.8876 0.654 0.0492 -0.1948 -0.2044
