pywasp-examples-master/tutorial_3/data/maps/Oesterild_DTM_100m.grd
DSAA
 400 260
 470050.000000 509950.000000
 6310050.000000 6335950.000000
 -16.831600 64.301600
[rows 93 to 123 of 260, columns 71 to 141 of 400]
37.0708 42.2364 46.3832 46.2588 45.8636 49.0368 47.5828 51.4356 53.1896 52.8444 52.0024 52.4148 52.3556 50.4632 46.8744 39.9036 30.8764 33.8308 32.4856 31.5412 29.3608 27.5396 30.8976 35.1456 42.2704 46.062 45.336 47.6664 48.1828 50.116 49.3024 52.3508 49.9408 41.86 37.5708 32.8936 29.3648 27.1008 26.3496 24.8512 20.8928 20.0064 20.3876 21.0436 22.882 26.9808 30.8456 32.9664 33.1272 32.23 30.6276 29.0824 29.0968 30.1676 29.3672 26.3836 21.65 15.9476 13.1124 13.0356 14.8464 17.7356 18.292 17.3336 16.4988 14.474 12.4944 5.64 3.1312 2.1348 1.8476
35.0736 43.1272 47.2632 47.298 46.7628 47.6936 50.448 56.04 57.3564 55.4692 54.7496 49.8696 46.9176 40.42 36.8676 31.5784 31.1556 36.6136 36.3948 36.2324 33.4292 28.6232 28.0012 32.0376 37.6176 44.4412 44.112 46.102 47.338 49.7612 48.536 46.302 41.5128 37.3696 33.0496 28.8708 25.8828 24.8484 24.2864 22.8992 19.4412 19.3 20.8472 21.3264 22.7356 25.9332 29.7544 31.8868 31.9772 32.1292 32.0332 31.0584 29.8084 29.108 28.0204 24.5344 19.6436 15.7904 13.6984 15.0304 17.27 19.312 19.8496 19.6316 17.9832 16.8264 15.6312 11.9728 5.0856 2.9944 2.3024
35.63 43.1776 45.916 47.078 46.8176 46.3944 54.4452 57.4544 56.8972 53.8048 48.6616 39.906 36.158 32.7004 31.6196 25.98 33.6076 38.5164 39.6068 39.8468 36.8016 30.6008 25.1776 27.2268 32.5624 38.4212 43.15 44.9292 46.2048 46.6164 45.1816 40.0832 35.8848 32.3224 28.2988 24.9848 23.0128 22.368 21.432 20.3648 18.4496 20.152 22.5756 22.744 22.7616 24.9188 28.662 30.3136 31.1432 31.9312 31.8784 30.75 28.7332 27.4636 25.4232 22.0592 19.3296 16.4152 14.8088 16.822 19.7448 21.9672 22.294 21.5388 19.854 19.1084 17.7392 11.7944 5 2.6988 2.228
34.1716 39.0256 42.898 44.8816 42.8416 47.8032 52.6588 52.7844 52.3956 49.2312 41.1276 35.7484 35.3864 33.5112 28.6824 27.6208 33.7328 37.0984 39.9664 40.1432 39.6284 34.7148 26.8456 22.4728 27.4884 33.606 39.3328 40.1704 38.3988 38.0836 36.9504 33.5092 29.44 27.2136 24.8268 22.568 21 19.5144 17.2468 15.8328 17.714 22.0788 24.3168 24.3624 24.0264 25.1704 26.9784 28.9988 29.2852 30.11 30.878 30.386 28.8252 26.456 24.156 22.7544 20.9812 17.4928 15.5764 18.132 21.6412 24.9344 25.704 23.6596 21.6296 20.0656 18.4388 12.6488 5.416 3.4228 1.864
36.0744 33.4832 39.6336 38.968 43.1904 49.05 49.2552 48.5884 47.3276 42.4876 34.4988 32.3372 31.5364 25.074 27.3708 29.1416 30.5164 33.1444 37.232 39.0436 38.3428 35.6764 28.3596 19.6796 23.0632 28.8064 33.8336 35.112 32.7472 32.028 31.0804 27.5456 24.52 23.2144 21.668 21.0836 19.6892 16.8012 14.4796 16.0312 18.6888 23.1872 25.152 25.5136 25.392 24.9508 25.4924 26.4852 26.4188 27.1564 28.5748 28.1192 26.0216 24.2956 22.8004 22.2828 20.5744 17.7956 16.62 19.0128 23.278 27.4248 28.6444 25.9636 22.5472 19.402 16.9012 12.2272 4.5664 2.9616 2.0188
34.7244 29.6884 32.5348 37.746 44.27 47.9332 46.4912 46.2176 42.018 32.0008 27.9524 28.5344 23.4572 24.728 27.8176 27.5404 27.752 30.048 33.4804 35 33.9996 31.4176 24.4844 19.1032 18.3444 20.9204 27.212 29.4144 28.0116 27.0488 25.4724 23.03 20.8728 19.058 17.95 18.5044 17.0888 14.8464 14.3092 18.5504 19.7044 23.7344 25.4764 26.9764 27.2332 25.428 23.6592 23.9868 24.1728 24.632 24.9576 22.6504 21.362 21.6972 21.0412 20.0384 19.644 18.2768 17.7908 20.0556 24.8768 29.8512 31.6128 28.2088 23.3036 19.1324 14.9064 11.1308 2.3052 2.0004 1.7036
31.2384 27.3812 31.0468 36.0244 40.584 42.3856 41.4332 38.836 33.44 25.8068 27.1192 23.8104 18.9296 22.5252 24.0408 25.6812 26.9292 28.532 30.8192 31.946 30.0168 25.7184 21.0536 17.968 17.7876 19.9308 22.2712 22.7804 22.456 22.0836 21.7388 20.0748 19.0236 17.7308 16.4996 15.6388 14.0576 14.3228 15.3332 17.9668 19.4804 23.62 25.6188 26.7256 27.004 25.5088 23.0456 22.3632 22.4232 22.568 21.7352 20.026 20.7936 20.6188 19.9648 19.102 18.9716 19.302 19.7768 21.8328 25.9528 31.2588 32.1652 28.3292 22.6052 18.0668 13.8184 9.6856 3.5876 1.7396 1.2796
24.3372 27.1064 35.022 38.2324 38.704 37.7504 34.2616 28.2688 24.0808 23.6176 22.6856 18.0816 17.7056 21.4784 24.3688 26.364 27.6132 28.3552 29.2064 29.7548 27.3524 22.758 18.8696 16.5708 17.6312 16.7104 16.1404 17.0332 18.058 18.0376 19.3328 19.6488 19.1412 17.6172 17.2 15.1544 13.4696 16.1668 16.3392 16.2212 18.6276 21.4972 23.7648 24.4256 24.992 24.4996 22.7836 21.2952 21.1512 20.648 19.4972 19.658 20.82 19.948 18.8228 18.3592 18.6956 20.6768 21.9388 23.3192 26.4488 31.348 31.0068 25.4736 20.388 16.9408 12.6432 7.2244 1.9044 1.6856 0.9024
23.7348 27.994 33.13 35.062 34.466 33.0628 27.878 18.908 21.506 21.5344 14.9852 14.8708 20.8876 24.4976 26.518 27.9588 28.2576 28.2616 27.0828 24.4404 23.278 20.4588 16.2872 15.4 14.618 14.6348 15.8252 16.1216 16.608 17.0048 18.2 19.4464 19.1544 17.8912 17.554 15.1832 14.1856 17.1492 17.53 15.8596 16.1024 18.0392 21.4684 24.0348 25.156 24.8924 24.0064 22.6568 21.0864 19.6968 18.6304 19.6984 21.3316 21.038 19.0888 18.1992 18.4624 20.4272 23.0672 24.6972 27.3956 31.1912 29.8892 24.5604 19.014 15.1488 11.9692 5.0532 1.7908 1.134 0.652
19.2972 26.3224 29.3072 30.1408 29.4748 26.43 19.7936 14.6648 15.958 14.3332 14.1304 19.4424 24.6824 28.4292 27.9904 26.9452 25.4064 24.6236 22.4324 20.1816 18.0976 15.8784 13.646 13.4892 14.5764 16.6972 17.546 18.3976 20.4884 21.2084 19.8392 19.1812 19.6476 18.8568 18.2096 15.0288 14.5476 16.668 16.7528 15.0684 13.7428 15.4016 20.1504 24.5812 25.1628 25.6332 25.5392 24.5288 22.6076 20.2816 17.9012 19.9444 22.528 22.5992 19.6172 17.866 17.868 19.0388 22.0768 25.6536 28.7652 31.8312 29.2324 23.4584 17.9948 12.826 9.0668 3.8056 1.6648 0.94 0.5236
19.6344 27.7384 27.6396 26.5776 24.0904 18.3904 14.9412 13.6308 12.2624 12.136 14.5192 22.7404 24.5176 24.7052 21.6912 18.0612 17.7852 18.81 18.2816 17.2384 15.9216 14.0996 13.5016 16.1832 18.8308 21.332 22.2408 23.7 25.742 26.4652 23.8832 21.6052 19.3408 19.0452 18.4788 14.6964 14.0568 15.2328 15.0136 13.1608 12.1808 13.2588 17.0476 21.9692 23.7856 24.8988 25.8672 25.6828 23.9584 20.7912 17.3148 20.0344 21.3884 21.518 18.4608 16.938 17.1436 18.0632 19.9444 24.0536 28.3812 31.4428 28.5024 22.9848 17.3612 12.8448 10.5748 3.8348 1.4196 0.8148 0.5972
16.6344 24.8576 24.7976 20.1676 16.9608 14.3872 14.2952 13.1748 12.4848 12.06 13.2572 16.6988 15.5192 13.3708 12.6452 12.0928 12.3272 13.3832 12.8416 13.048 12.9132 12.8708 15.0328 17.1076 20.786 24.7912 26.5304 28.7608 30.4628 30.7112 27.3928 23.634 20.1696 19.168 16.264 13.3144 16.6848 17.426 16.4616 13.9296 11.9516 12.1464 14.654 17.4764 21.7268 24.6672 25.2696 25.6792 24.8136 22.1944 17.0848 17.6076 18.7916 18.474 17.5808 16.8276 16.466 17.4424 18.6296 21.5268 25.7216 29.844 27.904 23.0652 16.5704 11.9096 8.1696 3.0572 1.4456 1.014 0.8076
14.2396 14.2328 14.2812 14.328 14.2224 14.2232 14.23 14.5904 13.7996 12.2684 12.0624 12.0588 12.052 12.3576 13.6488 12.7876 12.0708 12.0504 12.0496 12.0776 12.834 14.5372 16.3552 18.154 23.8008 28.32 30.3328 32.026 32.9048 32.5664 28.5888 23.9284 19.7568 16.2968 11.942 15.6208 19.2896 19.6228 18.424 16.7888 14.9716 11.5916 11.594 15.2896 20.6676 24.9616 25.4396 24.6544 23.4748 21.7668 16.7248 15.2656 16.5512 17.3096 16.878 16.836 16.5808 15.9568 16.2224 18.8016 22.3812 26.0968 26.254 23.8384 20.4372 17.0612 12.1248 4.186 1.8376 1.3928 0.9984
14.2448 14.242 14.2372 14.2344 14.2332 14.2388 14.2384 15.2328 18.9244 13.9216 12.3008 12.396 12.1864 12.0708 12.1344 12.2108 13.2736 12.608 12.3368 14.8664 15.826 16.3184 19.0804 22.8016 30.0024 30.8044 29.9088 29.7368 30.3296 29.5388 25.5968 21.0004 16.7008 12.2384 12.452 17.5388 20.8264 20.7808 20.8348 19.7792 19.1944 15.0236 10.616 14.07 18.5508 21.51 22.5124 21.8 19.828 19.4676 16.8632 12.0376 14.652 17.0576 17.1908 17.5812 18.1136 16.9772 14.4664 16.436 18.1508 20.1056 21.954 22.3892 21.0596 17.9208 12.55 4.2632 1.7444 1.7812 1.4228
14.2612 14.2528 14.2532 14.2472 14.2524 14.2516 14.2484 14.3256 18.5692 17.3676 17.3296 19.0032 16.7392 12.4048 12.1496 13.2976 17.014 17.2648 13.282 14.4712 17.15 18.1996 25.164 30.2796 32.4892 30.7036 27.1324 25.2716 25.4268 25.0028 20.5604 16.5336 12.88 11.4232 13.9724 17.2284 20.2856 22.4552 23.1404 22.8256 22.094 18.214 14.784 10.172 13.3868 16.7556 18.0828 18.4464 16.43 15.8664 15.1428 10.7196 14.9676 17.6988 17.93 18.6384 19.536 17.61 13.8092 12.8816 13.87 14.5268 16.6664 18.1768 18.5632 16.9656 12.596 4.0648 1.9208 1.6048 1.106
14.2644 14.2572 14.256 14.2708 14.3112 14.5016 14.7252 14.9068 16.7056 20.5244 21.3744 21.928 17.3996 13.7816 15.4288 17.9336 21.8836 23.9232 17.0704 14.3196 18.7864 22.038 27.4156 29.842 29.7816 26.73 23.672 21.4836 20.6852 19.7956 15.4988 11.796 9.9424 10.9268 13.3308 15.8208 19.7396 23.5188 25.2364 25.782 25.0696 23.802 21.6928 14.4548 8.2308 11.1424 13.9764 15.258 15.15 14.3864 13.8368 8.8352 13.1636 17.5616 18.8176 19.0904 19.8156 17.9316 13.6916 11.8744 10.2548 10.536 12.0796 14.122 16.7892 17.0184 12.4184 3.2712 2.1072 1.5848 1.0832
14.2348 14.23 14.2316 14.2376 14.266 14.4088 14.5736 14.734 16.3304 20.9956 23.2928 22.7224 18.5824 20.1692 22.9752 24.992 26.0956 26.3456 20.3548 14.2988 15.586 20.9712 24.0676 24.6392 23.7888 22.7208 20.174 19.6528 18.6472 16.1336 12.8384 8.8392 11.6944 13.2976 13.1424 16.1764 20.0336 23.9864 27.7168 28.5608 28.2624 27.1072 22.9964 16.798 9.7768 8.1168 11.8784 12.2488 10.464 9.76 9.7444 6.1116 11.2028 16.0608 18.4476 18.5868 18.5588 17.0608 13.6644 12.6344 10.3356 9.9888 9.9352 12.6 14.9392 14.4132 7.2168 2.8996 2.154 1.7092 1.3652
14.2404 14.234 14.2404 14.2404 14.2396 14.3044 14.4472 14.532 19.4692 24.4668 28.1196 24.5664 23.6188 28.7956 31.5336 30.2104 28.5 27.0284 22.3636 18.444 16.278 15.7572 18.8116 20.2824 20.3404 19.1724 17.5804 16.1788 15.5204 14.3452 10.83 9.808 13.3064 14.9932 15.1056 18.5516 21.2916 25.6972 30.9672 32.496 31.4132 29.9108 26.6916 22.3828 14.3488 6.6116 6.2456 7.5116 5.6784 4.0716 3.3388 2.9052 7.0576 13.0128 15.7704 17.3664 18.2752 18.3332 14.71 10.7688 7.9008 10.4988 9.2448 11.3808 13.0744 8.2372 2.5464 2.1824 2.0032 1.9056 1.6032
14.2496 14.2472 14.2604 14.2768 14.2972 14.3372 14.4396 16.9848 25.4548 28.2812 30.8032 28.6676 30.3392 36.284 37.5824 35.6844 33.0672 29.5168 24.9224 25.4936 21.9756 16.5756 16.6324 18.0644 19.0856 20.4628 19.2148 15.462 13.0588 13.3868 10.1688 12.0936 15.236 16.5976 17.668 21.44 24.4972 29.692 34.7128 36.2968 34.4176 31.852 28.4148 23.5276 18.0664 11.6684 5.5376 3.1216 2.7408 2.4088 2.238 2.128 3.2912 9.0312 12.6848 15.2856 17.2172 15.4536 12.106 9.2132 7.1696 7.5492 6.8112 8.0236 7.1512 2.8032 2.2164 1.8748 1.9364 1.7504 1.3996
14.2632 14.2636 14.3072 14.5612 15.1096 15.2984 15.3324 22.27 29.5048 32.116 33.59 35.3908 38.3004 41.2356 39.8248 37.828 35.34 29.2368 29.9852 30.1488 26.9376 21.6652 18.7912 20.5208 23.2048 22.1436 17.5 13.8596 11.7052 11.6364 9.474 14.8468 17.452 18.506 19.4228 23.5248 28.408 33.4156 36.6124 37.5036 36.2944 32.2028 27.8076 21.82 15.8512 11.448 10.6628 8.7724 7.0408 4.0024 2.3104 1.8328 1.9368 3.848 6.6508 7.2188 7.6272 6.4936 5.3912 4.3796 7.0612 8.4124 4.5568 2.5444 2.4428 2.1632 1.9424 1.8044 1.886 1.5352 1.3396
14.3248 14.3228 14.4636 16.244 20.7556 21.7536 19.3008 21.5504 27.2848 33.0356 36.4484 40.3916 44.0704 42.6464 38.3 36.9956 33.5192 29.8892 33.638 33.0252 27.596 23.3956 22.0824 22.7396 24.4848 21.718 15.8472 12.7224 11.0244 9.024 10.848 16.9664 19.1184 20.0704 21.4612 26.3904 32.3316 37.0204 38.2096 38.9088 37.222 32.5324 28.284 22.814 18.7184 16.8916 14.8644 14.9772 12.91 8.058 2.9636 1.8808 1.7736 2.2648 2.3652 2.4688 2.4532 2.404 2.3428 2.3252 2.3992 3.6824 3.2124 2.4752 2.062 1.9792 1.8548 1.658 1.7336 1.5884 1.388
14.4332 14.5628 15.0308 19.2944 23.686 26.0964 25.9168 24.1908 27.292 33.178 36.7108 40.1728 42.294 39.0012 35.0476 33.7792 30.4656 29.6156 33.8436 32.882 28.9896 26.528 27.1184 26.1436 25.2624 20.9504 15.064 12.8516 10.8816 8.716 10.006 16.4268 19.8828 22.2132 24.5356 30.1544 35.9144 39.5752 40.4588 39.7248 37.3552 33.474 30.1712 27.6064 24.4664 21.7932 20.4136 18.9908 14.6104 9.3764 3.974 2.2532 2.1224 2.1656 2.0836 2.0248 2.0352 2.0552 2.0668 2.0732 2.1348 2.1676 2.0636 1.91 1.898 1.9268 1.6924 1.5924 1.632 1.7892 1.7956
14.2984 14.3752 15.3292 19.2072 22.3908 25.9848 27.768 26.896 32.6104 35.34 36.6508 39.0588 38.17 34.6968 31.5012 30.1976 28.7652 28.7112 31.75 34.094 33.1684 31.438 32.2208 28.616 26.1248 20.6848 15.4884 13.0296 10.9196 8.9964 9.8348 14.7188 19.6176 23.4748 25.4268 31.3316 35.9932 39.1184 39.7304 38.5632 37.3584 35.0868 32.772 30.836 28.1444 26.1348 24.3816 21.1212 15.966 9.952 5.2308 2.7916 2.284 1.7932 1.7108 1.7376 1.8084 1.828 1.848 1.8144 1.7804 1.7636 1.8112 1.812 1.8584 1.5796 1.5264 1.4972 1.7824 1.8976 1.726
14.2584 14.2564 15.1412 17.7356 20.2804 23.3988 24.182 27.4104 32.5424 33.7872 35.9772 36.3232 34.2744 31.6504 29.6104 29.1296 28.9096 29.2144 33.418 38.612 36.9724 33.6236 31.6632 29.8552 25.6312 21.4636 18.694 15.0324 11.3044 8.9476 8.5772 12.8432 18.1364 21.636 23.0604 27.2708 31.4008 33.9848 34.9972 35.8984 36.9284 35.952 33.7892 31.93 29.3496 26.5112 24.4572 22.1352 17.4664 12.0488 5.7168 3.5416 2.7612 1.9968 1.6932 1.5656 1.6416 1.7392 1.8384 1.742 1.6764 1.7168 1.7136 1.7088 1.6524 1.6432 1.8296 1.8552 1.9988 2.1888 2.334
14.2532 14.2612 14.3808 15.8152 18.3528 20.4644 20.8524 24.772 30.15 35.0516 36.6508 34.9068 31.6332 29.338 28.188 28.4736 28.9716 31.7272 37.8876 41.5016 38.162 33.7504 29.8052 27.3808 26.9164 28.2272 24.466 18.15 13.6352 9.8012 8.242 10.3036 15.6056 18.46 20.3064 22.5724 25.318 26.8916 28.0616 31.62 33.7272 33.984 32.5552 29.9832 26.8968 24.3496 22.1236 19.8612 16.8912 11.484 4.9552 3.6772 2.7744 2.0792 1.6788 1.6 1.6848 1.9272 1.8464 1.9248 2.0552 2.1804 1.9096 1.8512 1.7468 2.0484 2.348 2.5444 2.598 2.5788 2.654
14.3312 14.396 14.3044 14.328 15.5168 17.5624 21.3392 26.0756 32.7308 36.8288 36.6524 33.7516 29.768 28.3104 28.9328 28.782 30.1156 35.8052 41.8296 41.4004 36.3772 33.376 32.0744 32.0948 33.5596 32.1612 26.9756 19.8752 15.3676 11.4576 9.2372 8.2028 10.676 14.666 18.1528 19.3072 20.3268 21.5264 22.8496 25.794 27.2616 28.4508 28.7884 26.7776 22.6268 18.9928 17.6184 15.4516 13.7648 8.194 4.6244 3.454 2.25 1.646 1.5804 1.8236 1.8904 1.9992 1.9656 1.9088 2.0056 1.9256 1.9008 1.9756 2.4864 2.902 3.1624 3.088 3.1796 3.0932 3.022
14.468 14.6136 14.3676 14.4312 15.8224 18.148 24.3 31.0632 35.1804 35.798 34.5752 31.9304 27.9376 27.788 28.7692 29.492 33.7324 41.6092 45.5648 42.772 39.1416 38.344 36.3224 36.0872 35.3152 32.654 27.5484 21.4416 17.0244 12.766 10.4012 8.9856 8.6852 11.3756 16.1312 17.7104 17.0364 18.056 19.2504 20.2608 21.3684 22.4352 24.4528 22.1856 18.6656 14.3524 11.8152 10.5068 8.3656 5.2704 4.0396 2.7308 1.9132 1.6892 1.8956 2.096 2.1 2.1436 2.0368 2.1836 2.1528 2.134 2.4824 2.8504 3.0456 3.2952 3.3112 3.2424 3.3004 3.362 3.4
19.9236 15.8236 14.4852 15.0296 16.58 18.812 25.8116 32.1172 35.5684 34.7772 31.912 28.83 26.458 27.6528 30.0264 31.8412 38.468 46.3188 46.9808 44.096 42.868 40.2244 37.9132 37.3008 35.7404 32.2504 27.0388 22.296 18.0264 15.9248 13.1224 11.0276 9.3444 10.0796 14.6212 16.3924 16.28 14.4616 16.1228 16.156 16.9232 17.6212 19.2032 17.9076 15.2296 11.1912 7.412 6.146 5.328 4.4304 3.252 2.5584 2.1584 2.1956 2.1548 2.1596 2.0848 2.2224 2.2924 2.1444 2.3468 2.5604 2.9484 3.0644 3.4444 3.9916 3.6424 3.498 3.6988 3.9244 4.1448
20.3508 20.5644 16.7996 16.8268 18.3564 19.8484 26.5396 31.6892 33.9588 32.3132 29.4344 26.7112 27.124 29.3044 32.5776 35.8784 41.4936 48.7332 46.7056 45.8984 43.082 38.798 37.1556 36.4472 34.6956 30.9764 26.7712 22.3608 18.1896 16.1668 14.7844 12.5832 10.7948 10.6992 14.8784 15.8524 15.0512 12.3552 12.8736 13.158 12.218 13.0548 13.8364 12.5168 11.1864 7.9104 5.8844 5.5464 5.0924 4.0164 3.28 2.7708 2.3616 2.2624 2.2588 2.2252 2.3716 2.4784 2.4668 2.1924 2.4256 2.9676 3.0508 3.4232 4.1092 4.2616 4.2888 4.4412 4.884 5.1452 5.38
19.2864 20.54 17.022 16.2136 17.2772 20.0776 26.9892 30.5896 31.8912 30.9556 27.938 25.9616 27.748 31.024 34.4952 39.6292 44.8224 49.306 47.4868 42.318 38.6736 35.4936 34.0184 33.696 31.8764 29.1056 25.6452 22.1348 18.8892 16.8092 14.9976 12.9696 11.3364 10.69 11.3984 13.5832 13.2024 11.4676 10.5296 9.5556 9.1884 9.2136 9.6304 8.4588 6.9932 5.7612 5.3176 4.926 4.6188 3.9484 3.3944 2.606 2.354 2.2804 2.352 2.4224 2.5812 2.5936 2.4088 2.324 2.48 3.09 3.5652 4.1056 4.476 4.586 4.8136 5.4096 5.7908 5.6332 5.668
19.5892 19.7224 16.8572 16.3092 15.8388 20.8336 25.386 27.6612 28.4988 27.4588 25.9044 27.3664 28.9528 31.1464 34.978 40.8792 46.7468 49.0208 44.6032 38.4108 33.6796 30.0068 28.0752 28.3976 27.654 24.94 22.6044 20.9612 19.2532 17.0468 14.798 13.0548 11.5864 10.4772 10.1104 10.9484 11.0976 10.9704 8.9748 7.588 7.2792 7.0528 7.1192 6.2424 5.7264 5.3412 4.9632 4.7112 4.4004 3.7716 2.8676 2.378 2.3568 2.5288 2.5512 2.6676 2.6876 2.5064 2.4304 2.4528 2.7304 3.2896 3.6864 4.1636 4.74 4.904 5.3744 5.8292 5.7064 5.7584 6.0476
