pywasp-examples-master/tutorial_3/data/maps/Oesterild_DTM_100m.grd
DSAA
 400 260
 470050.000000 509950.000000
 6310050.000000 6335950.000000
 -16.831600 64.301600
[rows 186 to 216 of 260, columns 0 to 70 of 400]
0 0 0 0 0 0 0 0 0 0 0 0 0 0 0 0 0 0 0 0 -0.6972 -0.63 -0.5884 -0.562 -0.538 -0.538 -0.538 -0.5932 -0.6004 -0.6968 -0.6184 -0.5516 -0.5972 -0.6212 -0.6408 -0.6148 -0.6952 -0.6976 -0.702 -0.4548 4.2608 10.3212 9.5772 10.9496 8.0768 7.8812 7.6104 8.0656 8.368 9.1304 9.372 10.3404 10.6048 10.862 11.0732 11.4884 11.6072 11.5992 11.676 12.0088 12.3672 12.7472 12.5568 12.0132 12.2812 11.7628 11.5416 13.1672 13.8064 12.838 10.4524
0 0 0 0 0 0 0 0 0 0 0 0 0 0 0 0 0 0 0 0 -0.82 -0.82 -0.82 -0.82 -0.7888 -0.722 -0.6448 -0.5996 -0.582 -0.6372 -0.718 -0.6448 -0.6048 -0.652 -0.6704 -0.6528 -0.624 -0.7024 -0.7052 -0.7292 0.9316 7.6792 10.2236 9.3156 10.3208 9.2644 7.4856 7.1828 7.7132 8.3788 8.8392 9.6052 10.3744 10.5244 10.4564 10.6696 11.0544 11.3212 11.5812 12.3156 12.694 14.5644 18.9076 15.574 18.6276 12.6356 11.318 11.4472 15.54 14.9132 9.24
0 0 0 0 0 0 0 0 0 0 0 0 0 0 0 0 0 0 0 0 -0.722 -0.722 -0.722 -0.722 -0.722 -0.722 -0.722 -0.7284 -0.7024 -0.6572 -0.6516 -0.6316 -0.658 -0.6344 -0.6656 -0.6996 -0.6608 -0.6936 -0.6964 -0.7196 -0.5488 3.8448 9.3316 9.0036 8.1084 11.7656 10.2932 9.4536 9.6624 9.6396 9.5392 10.5844 10.1124 10.7476 10.5124 10.8484 11.304 11.462 12.1428 11.9452 11.266 11.4444 11.554 11.0248 11.3352 10.6752 10.6632 10.5984 13.486 11.9368 8.5704
0 0 0 0 0 0 0 0 0 0 0 0 0 0 0 0 0 0 0 0 -0.57 -0.57 -0.57 -0.57 -0.57 -0.57 -0.57 -0.5436 -0.6152 -0.6784 -0.6452 -0.5964 -0.7188 -0.6204 -0.766 -0.64 -0.6892 -0.6612 -0.7 -0.7092 -0.7168 1.058 6.6152 9.8496 7.5944 7.4892 9.5444 7.2472 9.2548 8.6516 8.764 9.1504 9.0916 9.366 10.262 10.7072 10.8304 11.0992 10.5688 10.7472 10.4888 10.4444 10.3556 10.0484 10.1596 10.4616 10.502 11.3696 9.914 9.0272 9.2564
0 0 0 0 0 0 0 0 0 0 0 0 0 0 0 0 0 0 0 0 0 0 0 0 0 0 0 0 0 0 -0.678 -0.5752 -0.552 -0.5804 -0.5836 -0.7108 -0.6044 -0.6752 -0.6928 -0.7104 -0.706 -0.4624 3.5888 8.2384 9.3824 8.7892 9.4684 9.288 10.236 10.1284 8.9864 9.2336 8.9036 9.8072 9.4892 9.7652 10.01 9.9588 10.3864 10.3068 10.6132 9.8724 9.8616 9.8676 10.3936 10.7832 10.16 9.9152 10.868 19.836 32.77
0 0 0 0 0 0 0 0 0 0 0 0 0 0 0 0 0 0 0 0 0 0 0 0 0 0 0 0 0 0 -0.686 -0.5492 -0.5556 -0.6436 -0.5476 -0.6148 -0.6512 -0.596 -0.6536 -0.6844 -0.7028 -0.6856 0.9112 5.7636 9.3348 8.1152 6.3368 7.5988 9.9936 12.5344 8.2824 8.0396 8.34 9.1156 9.1528 9.3564 9.8648 9.7468 9.7696 9.5564 9.4676 10.0556 10.5064 9.5644 8.9948 10.1588 22.8748 27.9428 26.5372 33.428 35.7844
0 0 0 0 0 0 0 0 0 0 0 0 0 0 0 0 0 0 0 0 0 0 0 0 0 0 0 0 0 0 -0.6856 -0.5996 -0.5932 -0.618 -0.5812 -0.6396 -0.626 -0.7088 -0.6256 -0.6612 -0.654 -0.7136 -0.5912 3.2136 7.4008 9.3792 6.948 6.404 10.932 10.6504 9.4536 8.1764 8.1848 8.5576 8.2044 8.6752 9.1588 10.11 9.74 9.8584 11.116 10.4924 8.6504 8.0592 13.2044 34.3348 38.6988 36.8456 32.8908 33.0224 35.5616
0 0 0 0 0 0 0 0 0 0 0 0 0 0 0 0 0 0 0 0 0 0 0 0 0 0 0 0 0 0 -0.7452 -0.744 -0.7452 -0.6132 -0.6176 -0.6368 -0.7124 -0.6304 -0.6604 -0.682 -0.6892 -0.6868 -0.74 0.4404 5.1008 8.468 9.1988 6.8192 7.0844 9.6364 13.506 9.4772 7.6684 8.04 8.6528 8.6376 9.1268 9.2036 9.9628 9.9204 10.5508 8.48 7.9236 12.3192 36.6184 42.4792 39.4084 35.8996 34.1928 36.0296 37.3316
0 0 0 0 0 0 0 0 0 0 0 0 0 0 0 0 0 0 0 0 0 0 0 0 0 0 0 0 0 0 -0.544 -0.544 -0.5484 -0.6728 -0.6288 -0.588 -0.6596 -0.668 -0.6612 -0.6856 -0.6692 -0.6984 -0.7124 -0.6612 2.446 6.3624 9.3464 8.0012 6.4248 6.3684 8.2676 7.8032 7.576 7.644 7.894 7.8596 8.3204 8.7812 8.5884 7.8808 8.3536 9.646 19.136 36.6632 41.9344 41.3124 38.1048 35.2708 34.8696 37.532 39.5424
0 0 0 0 0 0 0 0 0 0 0 0 0 0 0 0 0 0 0 0 0 0 0 0 0 0 0 0 0 0 -0.754 -0.754 -0.7492 -0.556 -0.6272 -0.6512 -0.678 -0.6172 -0.7056 -0.6132 -0.6784 -0.6612 -0.748 -0.6948 -0.2392 4.0452 7.6128 8.9464 7.2044 6.3552 6.6696 5.8584 6.3496 6.5188 6.7604 8.06 8.3884 8.2504 9.1708 18.358 21.0304 28.21 34.06 37.3872 39.2884 38.6832 35.956 33.766 35.434 39.9 42.8068
0 0 0 0 0 0 0 0 0 0 0 0 0 0 0 0 0 0 0 0 0 0 0 0 0 0 0 0 0 0 -0.82 -0.7596 -0.7156 -0.6956 -0.6784 -0.5568 -0.6096 -0.6444 -0.7468 -0.7232 -0.6184 -0.7348 -0.6716 -0.6944 -0.7024 0.9636 5.6524 7.246 7.2228 5.3556 5.7644 6.0964 6.8248 7.8584 9.4064 9.6636 12.3808 11.6448 24.4444 34.392 31.4916 30.574 32.1116 35.1496 36.6928 35.7024 34.276 32.6776 35.5972 41.8212 45.7892
0 0 0 0 0 0 0 0 0 0 0 0 0 0 0 0 0 0 0 0 0 0 0 0 0 0 0 0 0 0 -0.54 -0.512 -0.512 -0.5496 -0.8712 -0.6832 -0.7468 -0.598 -0.6368 -0.7512 -0.5908 -0.7388 -0.7308 -0.7276 -0.8116 -0.6012 3.0808 6.4544 6.6116 8.2908 8.03 6.0448 6.5536 8.6184 12.4536 12.328 15.038 32.0228 37.3452 35.0804 32.1344 30.7332 32.0264 34.034 35.0736 34.8152 34.5588 33.4812 36.7916 42.628 47.248
0 0 0 0 0 0 0 0 0 0 0 0 0 0 0 0 0 0 0 0 0 0 0 0 0 0 0 0 0 0 -0.766 -0.766 -0.766 -0.6748 -0.722 -0.6376 -0.7716 -0.7412 -0.7484 -0.7108 -0.7868 -0.7212 -0.6744 -0.7028 -0.7148 -0.7472 0.522 4.0788 5.148 5.5668 7.5856 6.9648 7.142 8.6468 15.0728 23.7476 39.0644 40.5344 38.4392 35.78 32.3952 31.2812 32.2196 33.3456 34.6236 35.1784 35.4624 34.9908 38.6068 43.0684 47.3896
0 0 0 0 0 0 0 0 0 0 0 0 0 0 0 0 0 0 0 0 0 0 0 0 0 0 0 0 0 0 -0.74 -0.74 -0.74 -0.8036 -0.7684 -0.6768 -0.6268 -0.75 -0.7048 -0.7076 -0.7824 -0.836 -0.6496 -0.7196 -0.7216 -0.7508 -0.6608 3.4688 5.6648 7.5244 7.204 7.5152 5.8124 9.892 28.6848 41.9684 44.9228 43.9196 40.3232 36.1344 32.8372 32.0596 32.6864 34.6036 35.5284 37.5412 38 37.6756 40.0412 43.8012 46.5932
0 0 0 0 0 0 0 0 0 0 0 0 0 0 0 0 0 0 0 0 0 0 0 0 0 0 0 0 0 0 -0.526 -0.526 -0.526 -0.6212 -0.6632 -0.8108 -0.6704 -0.6504 -0.7224 -0.7752 -0.6696 -0.7368 -0.7808 -0.7216 -0.6772 -0.7252 -0.7128 0.992 9.8784 8.7232 7.4576 7.5636 8.5916 21.7484 38.052 41.8288 45.1548 45.452 41.4304 36.72 33.1912 32.7312 33.2384 34.76 37.0364 39.574 40.9756 40.4808 40.4312 42.1096 44.1688
0 0 0 0 0 0 0 0 0 0 0 0 0 0 0 0 0 0 0 0 0 0 0 0 0 0 0 0 0 0 -0.554 -0.554 -0.5612 -0.6024 -0.6088 -0.5356 -0.6372 -0.5416 -0.6924 -0.6556 -0.7292 -0.6908 -0.7196 -0.6536 -0.7032 -0.7052 -0.6988 -0.4912 5.0724 7.7356 6.9612 9.072 18.5904 31.3052 35.6464 39.404 43.7104 43.8656 41.6412 37.3672 33.9012 33.4244 34.414 36.3576 38.9572 41.2688 42.9976 42.5444 41.0588 39.9592 40.7688
0 0 0 0 0 0 0 0 0 0 0 0 0 0 0 0 0 0 0 0 0 0 0 0 0 0 0 0 0 0 -0.53 -0.5372 -0.5468 -0.578 -0.6072 -0.572 -0.55 -0.528 -0.634 -0.642 -0.7356 -0.7184 -0.696 -0.6956 -0.692 -0.696 -0.6868 -0.6844 1.1132 7.9652 7.5156 8.452 27.2032 31.4212 32.706 35.8096 40.2148 41.3184 38.6292 35.3804 33.9684 36.504 37.166 38.2364 41.0832 42.78 44.8244 44.1124 41.7652 39.1304 38.3308
0 0 0 0 0 0 0 0 0 0 0 0 0 0 0 0 0 0 0 0 0 0 0 0 0 0 0 0 0 0 -0.5372 -0.5468 -0.54 -0.572 -0.59 -0.572 -0.55 -0.624 -0.7036 -0.676 -0.6624 -0.798 -0.63 -0.8024 -0.72 -0.7564 -0.7188 -0.7524 -0.5196 4.1752 8.08 5.5836 22.7708 30.082 32.44 34.1512 36.4988 38.5372 36.6336 33.6468 35.514 38.3068 39.268 41.1668 45.7168 45.6884 45.3364 44.7916 42.6736 39.6968 37.4364
0 0 0 0 0 0 0 0 0 0 0 0 0 0 0 0 0 0 0 0 0 0 0 0 0 0 0 0 0 0 -0.5468 -0.54 -0.54 -0.5668 -0.59 -0.572 -0.632 -0.724 -0.724 -0.8012 -0.7896 -0.5936 -0.796 -0.5856 -0.7776 -0.7 -0.7648 -0.7672 -0.736 0.8936 4.956 3.3364 7.0716 22.312 32.2856 33.4752 34.8456 35.368 33.3704 33.11 36.7752 40.4172 43.0368 45.0136 44.5384 44.634 44.1036 42.918 41.0164 38.446 36.3184
0 0 0 0 0 0 0 0 0 0 0 0 0 0 0 0 0 0 0 0 0 0 0 0 0 0 0 0 0 0 -0.54 -0.54 -0.54 -0.5684 -0.59 -0.6448 -0.638 -0.638 -0.638 -0.5952 -0.8016 -0.6796 -0.7352 -0.7416 -0.6884 -0.6724 -0.7388 -0.7372 -0.7984 -0.7088 2.7028 2.0204 -0.1844 2.2504 7.9732 13.246 19.234 27.0736 26.6396 34.066 37.4124 40.6396 43.5408 44.1468 42.8756 43.406 43.304 40.5708 38.2884 36.2324 35.254
0 0 0 0 0 0 0 0 0 0 0 0 0 0 0 0 0 0 0 0 0 0 0 0 0 0 0 0 0 0 -0.54 -0.54 -0.54 -0.572 -0.7576 -0.89 -0.89 -0.89 -0.89 -0.8164 -0.6136 -0.7932 -0.598 -0.6788 -0.6716 -0.6984 -0.6944 -0.704 -0.7336 -0.7276 0.0148 2.8956 0.4536 0.0316 0.766 2.5164 4.1232 5.9868 11.922 32.2796 37.686 39.9908 41.324 43.6888 43.2064 43.3652 40.7648 37.5732 35.8276 34.8412 32.6788
0 0 0 0 0 0 0 0 0 0 0 0 0 0 0 0 0 0 0 0 0 0 0 0 0 0 0 0 0 0 -0.54 -0.54 -0.552 -0.768 -0.824 -0.824 -0.824 -0.824 -0.824 -0.7288 -0.6564 -0.6824 -0.7184 -0.6132 -0.656 -0.6236 -0.7196 -0.6724 -0.6904 -0.7156 -0.7064 0.3116 2.0184 1.2644 -0.7032 1.752 2.456 3.3952 4.5312 14.3352 33.7272 39.298 40.426 40.4964 40.4796 39.294 38.306 37.3996 34.892 32.0672 33.8596
0 0 0 0 0 0 0 0 0 0 0 0 0 0 0 0 0 0 0 0 0 0 0 0 0 0 0 0 0 0 -0.54 -0.5424 -0.6556 -0.7 -0.7 -0.7 -0.7 -0.7 -0.7 -0.7192 -0.6948 -0.7488 -0.6484 -0.7236 -0.6436 -0.6488 -0.6764 -0.6528 -0.7048 -0.696 -0.7236 -0.7364 1.5032 0.8588 0.1056 1.988 1.6756 1.6092 2.53 3.8568 11.2132 31.67 39.656 38.5168 37.9972 34.9924 32.6884 32.9984 31.9344 29.238 30.386
0 0 0 0 0 0 0 0 0 0 0 0 0 0 0 0 0 0 0 0 0 0 0 0 0 0 0 0 0 0 -0.574 -0.668 -0.676 -0.676 -0.676 -0.676 -0.676 -0.676 -0.676 -0.68 -0.6984 -0.7208 -0.7016 -0.686 -0.7428 -0.6688 -0.6864 -0.738 -0.6604 -0.7028 -0.7324 -0.3184 0.5624 -0.6796 0.0428 2.0528 0.4884 0.596 1.1048 1.4368 2.1728 7.342 22.3512 32.5396 33.9296 31.8824 30.3424 28.1188 25.864 25.2352 26.3952
0 0 0 0 0 0 0 0 0 0 0 0 0 0 0 0 0 0 0 0 0 0 0 0 0 0 0 0 0 0 -0.788 -0.788 -0.788 -0.788 -0.788 -0.788 -0.788 -0.788 -0.788 -0.7276 -0.6808 -0.62 -0.746 -0.6688 -0.618 -0.756 -0.6592 -0.592 -0.7348 -0.742 -0.6424 1.4988 2.1872 -0.2492 1.0152 1.5588 0.4228 0.1768 0.406 0.8128 1.7596 4.7952 5.1868 9.8216 19.774 27.8144 29.1076 25.9756 23.2308 22.3364 16.804
0 0 0 0 0 0 0 0 0 0 0 0 0 0 0 0 0 0 0 0 0 0 0 0 0 0 0 0 0 0 -0.696 -0.696 -0.696 -0.696 -0.696 -0.696 -0.696 -0.696 -0.696 -0.7196 -0.7192 -0.6728 -0.6972 -0.6984 -0.6144 -0.616 -0.7404 -0.7256 -0.6244 -0.606 -0.674 0.2584 -0.5288 0.6656 0.3052 0.8072 0.4584 0.9024 0.3228 -0.51 -0.6228 -0.1576 2.2544 4.9456 7.04 8.8576 10.3964 11.122 17.3308 16.4472 12.4164
0 0 0 0 0 0 0 0 0 0 0 0 0 0 0 0 0 0 0 0 0 0 0 0 0 0 0 0 0 0 -0.478 -0.478 -0.478 -0.478 -0.478 -0.478 -0.478 -0.478 -0.478 -0.5248 -0.7812 -0.5232 -0.4656 -0.5496 -0.6144 -0.5832 -0.5776 -0.6156 -0.7188 -0.5856 -0.5676 0.3348 -0.6728 -0.38 -0.7076 -0.2588 1.3328 0.7252 0.4512 -0.6648 -0.6804 -0.6932 -0.6688 -0.4784 1.0692 4.0532 6.2956 6.8272 7.2504 7.0228 7.336
0 0 0 0 0 0 0 0 0 0 0 0 0 0 0 0 0 0 0 0 0 0 0 0 0 0 0 0 0 0 -0.47 -0.47 -0.47 -0.47 -0.47 -0.47 -0.47 -0.47 -0.47 -0.5124 -0.7268 -0.484 -0.356 -0.5156 -0.618 -0.7072 -0.6436 -0.57 -0.7084 -0.5588 -0.7012 0.7548 -0.6928 -0.7104 -0.6932 -0.6848 -0.4568 1.4788 -0.5424 -0.6536 -0.6628 -0.6648 -0.674 -0.6872 -0.69 -0.6376 0.4816 4.3488 7.1772 6.4848 6.5592
0 0 0 0 0 0 0 0 0 0 0 0 0 0 0 0 0 0 0 0 0 0 0 0 0 0 0 0 0 0 -0.47 -0.47 -0.47 -0.47 -0.47 -0.47 -0.47 -0.47 -0.472 -0.52 -0.676 -0.484 -0.3948 -0.582 -0.5984 -0.6408 -0.6952 -0.6816 -0.7336 -0.578 -0.792 -0.2148 0.0372 -0.746 -0.6804 -0.3384 0.7004 -0.5592 -0.6904 -0.6692 -0.676 -0.6836 -0.6808 -0.7072 -0.708 -0.714 -0.7108 -0.4704 1.798 4.518 2.9784
0 0 0 0 0 0 0 0 0 0 0 0 0 0 0 0 0 0 0 0 0 0 0 0 0 0 0 0 0 0 -0.47 -0.47 -0.47 -0.47 -0.47 -0.47 -0.47 -0.47 -0.484 -0.52 -0.66 -0.5164 -0.5968 -0.616 -0.6524 -0.7224 -0.6796 -0.5964 -0.7344 -0.746 -0.6328 -0.718 -0.7076 0.2432 0.4052 0.4872 -0.7588 -0.7596 -0.6756 -0.6796 -0.6788 -0.7136 -0.704 -0.7128 -0.722 -0.7284 -0.7388 -0.7484 -0.7552 -0.6156 0.074
0 0 0 0 0 0 0 0 0 0 0 0 0 0 0 0 0 0 0 0 0 0 0 0 0 0 0 0 0 0 -0.47 -0.47 -0.47 -0.47 -0.47 -0.47 -0.47 -0.47 -0.496 -0.52 -0.6336 -0.5464 -0.5756 -0.6072 -0.64 -0.676 -0.6984 -0.7232 -0.6596 -0.702 -0.748 -0.6296 -0.6888 -0.7012 -0.7252 -0.742 -0.7516 -0.7224 -0.72 -0.666 -0.6784 -0.708 -0.7096 -0.742 -0.7196 -0.7108 -0.7164 -0.75 -0.7428 -0.7664 -0.1248
